inf
1.311753670780540006e+03
9.275499158552657946e+02
7.573413349356244453e+02
6.558768353902700028e+02
5.866340755200333206e+02
5.355211936058524316e+02
4.957962848944861776e+02
4.637749579276328973e+02
4.372512235935133731e+02
4.148129328753169034e+02
3.955086130318576920e+02
3.786706674678122226e+02
3.638150092905651150e+02
3.505809151359886187e+02
3.386933414172985408e+02
3.279384176951350014e+02
3.181469964364624730e+02
3.091833052850885792e+02
3.009369310395209141e+02
2.933170377600166603e+02
2.862481185470479659e+02
2.796668222925126770e+02
2.735195480500212852e+02
2.677605968029262158e+02
2.623507341561079897e+02
2.572560601668053550e+02
2.524471116452081674e+02
2.478981424472430888e+02
2.435865415005815464e+02
2.394923584589023733e+02
2.355979142252695340e+02
2.318874789638164486e+02
2.283470042007585903e+02
2.249638985943549585e+02
2.217268392031846531e+02
2.186256117967566865e+02
2.156509750704058490e+02
2.127945446475136180e+02
2.100486935491339580e+02
2.074064664376584517e+02
2.048615054369850270e+02
2.024079857265083717e+02
2.000405594225785535e+02
1.977543065159288460e+02
1.955446918400111258e+02
1.934075272132497503e+02
1.913389380357354241e+02
1.893353337339061113e+02
1.873933815400771437e+02
1.855099831710531646e+02
1.836822540344624883e+02
1.819075046452825575e+02
1.801832239801779281e+02
1.785070645352841439e+02
1.768768288851786110e+02
1.752904575679943093e+02
1.737460181447672198e+02
1.722416953008395808e+02
1.707757818740166442e+02
1.693466707086492704e+02
1.679528472472635485e+02
1.665928827820946481e+02
1.652654282981620497e+02
1.639692088475675007e+02
1.627030184016842043e+02
1.614657151339894199e+02
1.602562170916023092e+02
1.590734982182312365e+02
1.579165846953045502e+02
1.567845515716310842e+02
1.556765196550803125e+02
1.545916526425442896e+02
1.535291544668897643e+02
1.524882668417750722e+02
1.514682669871249061e+02
1.504684655197604570e+02
1.494882044951964986e+02
1.485268555879676455e+02
1.475838183990484254e+02
1.466585188800083301e+02
1.457504078645044387e+02
1.448589596985768821e+02
1.439836709619858652e+02
1.431240592735239829e+02
1.422796621738626470e+02
1.414500360800558099e+02
1.406347553063307032e+02
1.398334111462563385e+02
1.390456110117933122e+02
1.382709776251056155e+02
1.375091482593555270e+02
1.367597740250106426e+02
1.360225191984737307e+02
1.352970605901011538e+02
1.345830869489070380e+02
1.338802984014631079e+02
1.331884059226969157e+02
1.325071308364665299e+02
1.318362043439525451e+02
1.311753670780539949e+02
1.305243686821107758e+02
1.298829674113985106e+02
1.292509297559551271e+02
1.286280300834026775e+02
1.280140503005235360e+02
1.274087795324383592e+02
1.268120138183140568e+02
1.262235558226040837e+02
1.256432145608933979e+02
1.250708051394824025e+02
1.245061485079040722e+02
1.239490712236215444e+02
1.233994052282041025e+02
1.228569876343258187e+02
1.223216605229735165e+02
1.217932707502907732e+02
1.212716697635217002e+02
1.207567134255518653e+02
1.202482618475760034e+02
1.197461792294511866e+02
1.192503337073218290e+02
1.187605972081284307e+02
1.182768453106352808e+02
1.177989571126347670e+02
1.173268151040066840e+02
1.168603050453295253e+02
1.163993158517594111e+02
1.159437394819082243e+02
1.154934708314690397e+02
1.150484076313505426e+02
1.146084503500965468e+02
1.141735021003792951e+02
1.137434685493666677e+02
1.133182578327754868e+02
1.128977804724328422e+02
1.124819492971774793e+02
1.120706793669425423e+02
1.116638878998696214e+02
1.112614942023119227e+02
1.108634196015923266e+02
1.104695873813889762e+02
1.100799227196281436e+02
1.096943526287698489e+02
1.093128058983783433e+02
1.089352130398747818e+02
1.085615062333746721e+02
1.081916192765177982e+02
1.078254875352029245e+02
1.074630478961443032e+02
1.071042387211704892e+02
1.067489998031906566e+02
1.063972723237568090e+02
1.060489988121541387e+02
1.057041231059547783e+02
1.053625903129734809e+02
1.050243467745669790e+02
1.046893400302208192e+02
1.043575187833711055e+02
1.040288328684103618e+02
1.037032332188292258e+02
1.033806718364482862e+02
1.030611017616962073e+02
1.027444770448920650e+02
1.024307527184925135e+02
1.021198847702652444e+02
1.018118301173527982e+02
1.015065465811917420e+02
1.012039928632541859e+02
1.009041285215800059e+02
1.006069139480694190e+02
1.003123103465069477e+02
1.000202797112892767e+02
9.973078480683008706e+01
9.944378914761723820e+01
9.915925697889723267e+01
9.887715325796442301e+01
9.859744363603232387e+01
9.832009444066594028e+01
9.804507265875453470e+01
9.777234592000556290e+01
9.750188248094079313e+01
9.723365120937663164e+01
9.696762156937171540e+01
9.670376360662487514e+01
9.644204793430797906e+01
9.618244571931811038e+01
9.592492866893475423e+01
9.566946901786771207e+01
9.541603951568265529e+01
9.516461341459090306e+01
9.491516445759144460e+01
9.466766686695305566e+01
9.442209533302504099e+01
9.417842500336553258e+01
9.393663147217701237e+01
9.369669077003857183e+01
9.345857935392510285e+01
9.322227409750423988e+01
9.298775228170171658e+01
9.275499158552658230e+01
9.252397007714769472e+01
9.229466620521354514e+01
9.206705879040755747e+01
9.184112701723124417e+01
9.161685042600824147e+01
9.139420890510199058e+01
9.117318268334041420e+01
9.095375232264127874e+01
9.073589871083166258e+01
9.051960305465595980e+01
9.030484687296613799e+01
9.009161199008896403e+01
8.987988052936468364e+01
8.966963490685203908e+01
8.946085782519433849e+01
8.925353226764207193e+01
8.904764149222711467e+01
8.884316902608408384e+01
8.864009865991445736e+01
8.843841444258930551e+01
8.823810067588648565e+01
8.803914190935832096e+01
8.784152293532601163e+01
8.764522878399715466e+01
8.745024471870264904e+01
8.725655623124981730e+01
8.706414903738794919e+01
8.687300907238360992e+01
8.668312248670231668e+01
8.649447564179338599e+01
8.630705510597550756e+01
8.612084765041979040e+01
8.593584024522778009e+01
8.575202005560177554e+01
8.556937443810491573e+01
8.538789093700832211e+01
8.520755728072347779e+01
8.502836137831660324e+01
8.485029131610394870e+01
8.467333535432463520e+01
8.449748192388987889e+01
8.432271962320598391e+01
8.414903721506938439e+01
8.397642362363177426e+01
8.380486793143333557e+01
8.363435937650251617e+01
8.346488734952023947e+01
8.329644139104732403e+01
8.312901118881305251e+01
8.296258657506338352e+01
8.279715752396751327e+01
8.263271414908102486e+01
8.246924670086411879e+01
8.230674556425387323e+01
8.214520125628862957e+01
8.198460442378375035e+01
8.182494584105700142e+01
8.166621640770249257e+01
8.150840714641194040e+01
8.135150920084210213e+01
8.119551383352717266e+01
8.104041242383502208e+01
8.088619646596617940e+01
8.073285756699470994e+01
8.058038744494962202e+01
8.042877792693596462e+01
8.027802094729486271e+01
8.012810854580115461e+01
7.997903286589800587e+01
7.983078615296746250e+01
7.968336075263620444e+01
7.953674910911561824e+01
7.939094376357506633e+01
7.924593735254836702e+01
7.910172260637155262e+01
7.895829234765227511e+01
7.881563948976943834e+01
7.867375703540250242e+01
7.853263807508984939e+01
7.839227578581554212e+01
7.825266342962372335e+01
7.811379435226001533e+01
7.797566198183945119e+01
7.783825982754015627e+01
7.770158147832226803e+01
7.756562060167154016e+01
7.743037094236697726e+01
7.729582632127214481e+01
7.716198063414941544e+01
7.702882785049666836e+01
7.689636201240621460e+01
7.676457723344488215e+01
7.663346769755555954e+01
7.650302765797891880e+01
7.637325143619554524e+01
7.624413342088753609e+01
7.611566806691952536e+01
7.598784989433839598e+01
7.586067348739139504e+01
7.573413349356245305e+01
7.560822462262589738e+01
7.548294164571754550e+01
7.535827939442260970e+01
7.523423275988022851e+01
7.511079669190394270e+01
7.498796619811831476e+01
7.486573634311066883e+01
7.474410224759824928e+01
7.462305908761010187e+01
7.450260209368360620e+01
7.438272655007490641e+01
7.426342779398382277e+01
7.414470121479172349e+01
7.402654225331342275e+01
7.390894640106154156e+01
7.379190919952421268e+01
7.367542623945496416e+01
7.355949316017496642e+01
7.344410564888755744e+01
7.332925944000416507e+01
7.321495031448216650e+01
7.310117409917371845e+01
7.298792666618602709e+01
7.287520393225221937e+01
7.276300185811301446e+01
7.265131644790874077e+01
7.254014374858169845e+01
7.242947984928844107e+01
7.231932088082193388e+01
7.220966301504338958e+01
7.210050246432351173e+01
7.199183548099293262e+01
7.188365835680194493e+01
7.177596742238884531e+01
7.166875904675727327e+01
7.156202963676199147e+01
7.145577563660302189e+01
7.134999352732813804e+01
7.124467982634334362e+01
7.113983108693132351e+01
